550 303
551 303
552 304
553 305
554 305
555 305
556 305
557 305
558 304
559 304
560 302
561 301
562 300
563 300
564 301
565 300
566 301
567 300
568 300
569 300
570 299
571 298
572 299
573 299
574 297
575 297
576 296
577 296
578 298
579 298
580 297
581 297
582 296
583 296
584 296
585 295
586 296
587 296
588 296
589 296
590 296
591 296
592 294
593 293
594 293
595 293
596 293
597 294
598 294
599 294
600 294
601 295
602 294
603 294
604 294
605 294
606 293
607 292
608 292
609 290
610 291
611 290
612 292
613 292
614 292
615 292
616 292
617 292
618 290
619 289
620 289
621 290
622 291
623 292
624 291
625 292
626 293
627 293
628 293
629 294
630 293
631 294
632 294
633 294
634 293
635 294
636 294
637 295
638 296
639 296
640 294
641 295
642 294
643 294
644 294
645 293
646 292
647 293
648 295
649 295
650 295
651 296
652 296
653 295
654 295
655 294
656 294
657 295
658 294
659 293
660 294
661 294
662 294
663 294
664 294
665 294
666 294
667 293
668 293
669 294
670 294
671 295
672 295
673 294
674 294
675 293
676 294
677 294
678 294
679 294
680 294
681 294
682 294
683 292
684 291
685 291
686 291
687 290
688 290
689 291
690 292
691 292
692 291
693 291
694 291
695 292
696 292
697 292
698 292
699 292
700 292
701 292
702 292
703 291
704 291
705 291
706 289
707 289
708 289
709 289
710 289
711 288
712 289
713 289
714 289
715 289
716 288
717 287
718 287
719 286
720 283
721 283
722 283
723 282
724 280
725 276
726 276
727 274
728 273
729 273
730 273
731 271
732 272
733 274
734 275
735 274
736 273
737 273
738 272
739 271
740 270
741 270
742 269
743 268
744 268
745 267
746 267
747 266
748 265
749 265
750 264
751 264
752 263
753 262
754 261
755 260
756 260
757 260
758 258
759 258
760 258
761 257
762 256
763 256
764 254
765 252
766 251
767 240
768 238
769 237
770 236
771 234
772 234
773 233
774 232
775 232
776 230
777 229
778 229
779 228
780 229
781 228
782 227
783 227
784 225
785 224
786 223
787 223
788 222
789 221
790 220
791 219
792 219
793 219
794 219
795 218
796 218
797 218
798 218
799 218
800 217
801 217
802 217
803 217
804 217
805 217
806 217
807 217
808 216
809 216
810 217
811 216
812 216
813 215
814 215
815 214
816 214
817 213
818 214
819 214
820 213
821 213
822 215
823 214
824 214
825 214
826 215
827 214
828 213
829 212
830 211
831 211
832 211
833 211
834 210
835 210
836 211
837 211
838 211
839 211
840 210
841 209
842 209
843 209
844 208
845 209
846 208
847 208
848 208
849 208
850 208
851 208
852 208
853 208
854 208
855 207
856 206
857 205
858 205
859 205
860 205
861 205
862 205
863 204
864 204
865 204
866 204
867 204
868 204
869 204
870 204
871 204
872 205
873 206
874 206
875 205
876 208
877 207
878 208
879 209
880 208
881 208
882 208
883 208
884 207
885 207
886 207
887 208
888 208
889 208
890 208
891 208
892 208
893 208
894 206
895 207
896 208
897 208
898 207
899 207
900 207
901 207
902 208
903 208
904 208
905 209
906 209
907 210
908 212
909 214
910 214
911 214
912 214
913 215
914 215
915 216
916 217
917 220
918 218
919 222
920 222
921 222
922 223
923 227
924 232
925 236
926 239
927 240
928 241
929 242
930 245
931 245
932 246
933 248
934 265
935 272
936 275
937 277
938 277
939 275
940 275
941 276
942 281
943 285
944 279
945 281
946 281
947 283
948 282
949 291
950 285
951 287
952 286
953 286
954 287
955 287
956 288
957 291
958 292
959 292
960 295
961 298
962 297
963 298
964 301
965 300
966 303
967 304
968 305
969 306
970 306
971 308
972 308
973 309
974 311
975 313
976 314
977 314
978 314
979 314
980 315
981 315
982 316
983 316
984 317
985 317
986 318
987 318
988 320
989 320
990 321
991 322
992 324
993 324
994 324
995 325
996 326
997 326
998 326
999 327
1000 327
1001 328
1002 329
1003 330
1004 331
1005 331
1006 332
1007 332
1008 335
1009 336
1010 336
1011 337
1012 338
1013 340
1014 341
1015 342
1016 345
1017 345
1018 346
1019 345
1020 346
1021 348
1022 349
1023 349
1024 349
1025 349
1026 349
1027 349
1028 351
1029 351
1030 352
1031 352
1032 352
1033 353
1034 353
1035 354
1036 354
1037 356
1038 357
1039 356
1040 358
1041 359
1042 359
1043 362
1044 363
1045 363
1046 363
1047 364
1048 364
1049 364
1050 365
1051 365
1052 365
1053 366
1054 367
1055 368
1056 368
1057 369
1058 370
1059 370
1060 370
1061 371
1062 370
1063 372
1064 373
1065 375
1066 375
1067 375
1068 375
1069 376
1070 376
1071 377
1072 377
1073 378
1074 380
1075 380
1076 380
1077 380
1078 381
1079 380
1080 382
1081 382
1082 382
1083 382
1084 383
1085 383
1086 383
1087 384
1088 384
1089 385
1090 385
1091 386
1092 387
1093 387
1094 387
1095 387
1096 387
1097 387
1098 389
1099 390
1100 390
1101 391
1102 391
1103 392
1104 392
1105 392
1106 393
1107 393
1108 393
1109 394
1110 394
1111 394
1112 396
1113 396
1114 396
1115 397
1116 397
1117 397
1118 397
1119 397
1120 396
1121 395
1122 397
1123 398
1124 400
1125 399
1126 400
1127 400
1128 401
1129 402
1130 403
1131 402
1132 404
1133 404
1134 404
1135 403
1136 403
1137 403
1138 403
1139 403
1140 404
1141 407
1142 408
1143 408
1144 408
1145 407
1146 405
1147 405
1148 404
1149 406
1150 409
1151 407
1152 407
1153 410
1154 413
1155 413
1156 413
1157 415
1158 415
1159 415
1160 415
1161 413
1162 414
1163 415
1164 416
1165 416
1166 416
1167 416
1168 416
1169 415
1170 417
1171 418
1172 418
1173 419
1174 419
1175 419
1176 419
1177 419
1178 418
1179 418
1180 418
1181 419
1182 419
1183 421
1184 420
1185 421
1186 421
1187 421
1188 422
1189 423
1190 423
1191 423
1192 423
1193 423
1194 423
1195 424
1196 424
1197 424
1198 425
1199 425
1200 426
1201 426
1202 426
1203 426
1204 426
1205 425
1206 426
1207 426
1208 426
1209 425
1210 426
